5 0.645108 0.801329 0.375989 0.378173
5 0.599589 0.561318 0.228399 0.164914
5 0.919368 0.827521 0.160326 0.322955
5 0.251175 0.583149 0.199702 0.213585
5 0.425007 0.578368 0.214562 0.213479
0 0.435661 0.80644 0.0363245 0.154963
5 0.0877981 0.599916 0.174082 0.203553
0 0.368281 0.811772 0.0337563 0.138887
5 0.0747496 0.777825 0.148983 0.346074
5 0.744387 0.549674 0.249804 0.192329
0 0.30621 0.95404 0.0491582 0.0886584
0 0.242515 0.957495 0.0482225 0.0813179
5 0.922615 0.582498 0.153946 0.0865106
5 0.879132 0.645415 0.241613 0.12209
5 0.645108 0.801329 0.375989 0.378173
5 0.599589 0.561318 0.228399 0.164914
5 0.919368 0.827521 0.160326 0.322955
5 0.251175 0.583149 0.199702 0.213585
5 0.425007 0.578368 0.214562 0.213479
0 0.435661 0.80644 0.0363245 0.154963
5 0.0877981 0.599916 0.174082 0.203553
0 0.368281 0.811772 0.0337563 0.138887
5 0.0747496 0.777825 0.148983 0.346074
5 0.744387 0.549674 0.249804 0.192329
0 0.30621 0.95404 0.0491582 0.0886584
0 0.242515 0.957495 0.0482225 0.0813179
5 0.922615 0.582498 0.153946 0.0865106
5 0.879132 0.645415 0.241613 0.12209
